17;9;38;300;47.313263;5.04408;
17;9;38;400;47.313263;5.04408;
17;9;38;500;47.313263;5.04408;
17;9;38;600;47.313263;5.04408;
17;9;38;700;47.313263;5.04408;
17;9;38;800;47.313263;5.04408;
17;9;38;900;47.313263;5.04408;
17;9;39;0;47.313263;5.04408;
17;9;39;100;47.313263;5.04408;
17;9;39;200;47.313263;5.04408;
17;9;39;300;47.313267;5.04408;
17;9;39;400;47.313267;5.04408;
17;9;39;500;47.313267;5.04409;
17;9;39;600;47.313267;5.04409;
17;9;39;700;47.313267;5.04409;
17;9;39;800;47.313267;5.04409;
17;9;39;900;47.313267;5.04409;
17;9;40;0;47.313267;5.04409;
17;9;40;100;47.313267;5.04409;
17;9;40;200;47.313267;5.04409;
17;9;40;300;47.313267;5.0441;
17;9;40;400;47.313267;5.0441;
17;9;40;500;47.313267;5.0441;
17;9;40;600;47.313267;5.0441;
17;9;40;700;47.313267;5.0441;
17;9;40;800;47.313267;5.0441;
17;9;40;900;47.313267;5.04411;
17;9;41;0;47.313267;5.04411;
17;9;41;100;47.313267;5.04411;
17;9;41;200;47.313267;5.04411;
17;9;41;300;47.313267;5.04411;
17;9;41;400;47.313267;5.04411;
17;9;41;500;47.313267;5.04412;
17;9;41;600;47.313267;5.04412;
17;9;41;700;47.313267;5.04412;
17;9;41;800;47.313267;5.04413;
17;9;41;900;47.313267;5.04413;
17;9;42;0;47.313267;5.04413;
17;9;42;100;47.313267;5.04413;
17;9;42;200;47.313267;5.04413;
17;9;42;300;47.313267;5.04413;
17;9;42;400;47.313267;5.04414;
17;9;42;500;47.313267;5.04414;
17;9;42;600;47.313267;5.04414;
17;9;42;700;47.313267;5.04414;
17;9;42;800;47.313267;5.04414;
17;9;42;900;47.313267;5.04414;
17;9;43;0;47.313267;5.04414;
17;9;43;100;47.313267;5.04415;
17;9;43;200;47.313267;5.04415;
17;9;43;300;47.313267;5.04415;
17;9;43;400;47.313267;5.04415;
17;9;43;500;47.313267;5.04415;
17;9;43;600;47.313267;5.04415;
17;9;43;700;47.313271;5.04415;
17;9;43;800;47.313271;5.04415;
17;9;43;900;47.313271;5.04416;
17;9;44;0;47.313271;5.04416;
17;9;44;100;47.313271;5.04416;
17;9;44;200;47.313271;5.04416;
17;9;44;300;47.313271;5.04416;
17;9;44;400;47.313274;5.04416;
17;9;44;500;47.313274;5.04417;
17;9;44;600;47.313274;5.04417;
17;9;44;700;47.313274;5.04417;
17;9;44;800;47.313274;5.04417;
17;9;44;900;47.313274;5.04417;
17;9;45;0;47.313274;5.04417;
17;9;45;100;47.313274;5.04417;
17;9;45;200;47.313274;5.04418;
17;9;45;300;47.313274;5.04418;
17;9;45;400;47.313274;5.04418;
17;9;45;500;47.313274;5.04418;
17;9;45;600;47.313278;5.04418;
17;9;45;700;47.313282;5.04418;
17;9;45;800;47.313286;5.04418;
17;9;45;900;47.313286;5.04418;
17;9;46;0;47.313286;5.04419;
17;9;46;100;47.31329;5.04419;
17;9;46;200;47.31329;5.04419;
17;9;46;300;47.31329;5.04419;
17;9;46;400;47.31329;5.04419;
17;9;46;500;47.31329;5.04419;
17;9;46;600;47.313293;5.0442;
17;9;46;700;47.313293;5.0442;
17;9;46;800;47.313293;5.0442;
17;9;46;900;47.313293;5.0442;
17;9;47;0;47.313297;5.0442;
17;9;47;100;47.313297;5.0442;
17;9;47;200;47.313297;5.04421;
17;9;47;300;47.313297;5.04421;
17;9;47;400;47.313297;5.04421;
17;9;47;500;47.313301;5.04421;
17;9;47;600;47.313301;5.04421;
17;9;47;700;47.313301;5.04421;
17;9;47;800;47.313301;5.04422;
17;9;47;900;47.313301;5.04422;
17;9;48;0;47.313301;5.04422;
17;9;48;100;47.313301;5.04422;
17;9;48;200;47.313301;5.04422;
17;9;48;300;47.313301;5.04422;
17;9;48;400;47.313305;5.04423;
17;9;48;500;47.313305;5.04423;
17;9;48;600;47.313305;5.04423;
17;9;48;700;47.313305;5.04423;
17;9;48;800;47.313305;5.04423;
17;9;48;900;47.313305;5.04423;
17;9;49;0;47.313309;5.04423;
17;9;49;100;47.313309;5.04424;
17;9;49;200;47.313309;5.04424;
17;9;49;300;47.313309;5.04424;
17;9;49;400;47.313309;5.04424;
17;9;49;500;47.313309;5.04424;
17;9;49;600;47.313309;5.04425;
17;9;49;700;47.313309;5.04425;
17;9;49;800;47.313309;5.04425;
17;9;49;900;47.313309;5.04425;
17;9;50;0;47.313309;5.04425;
17;9;50;100;47.313309;5.04426;
17;9;50;200;47.313309;5.04426;
17;9;50;300;47.313309;5.04426;
17;9;50;400;47.313313;5.04426;
17;9;50;500;47.313313;5.04426;
17;9;50;600;47.313313;5.04426;
17;9;50;700;47.313313;5.04427;
17;9;50;800;47.313313;5.04427;
17;9;50;900;47.313313;5.04427;
17;9;51;0;47.313313;5.04427;
17;9;51;100;47.313313;5.04427;
17;9;51;200;47.313313;5.04427;
17;9;51;300;47.313316;5.04428;
17;9;51;400;47.313316;5.04428;
17;9;51;500;47.313316;5.04428;
17;9;51;600;47.313316;5.04428;
17;9;51;700;47.313316;5.04428;
17;9;51;800;47.313316;5.04428;
17;9;51;900;47.313316;5.04429;
17;9;52;0;47.31332;5.04429;
17;9;52;100;47.31332;5.04429;
17;9;52;200;47.31332;5.04429;
17;9;52;300;47.31332;5.04429;
17;9;52;400;47.31332;5.04429;
17;9;52;500;47.31332;5.0443;
17;9;52;600;47.31332;5.0443;
17;9;52;700;47.31332;5.0443;
17;9;52;800;47.31332;5.0443;
17;9;52;900;47.31332;5.0443;
17;9;53;0;47.31332;5.04431;
17;9;53;100;47.31332;5.04431;
17;9;53;200;47.313324;5.04431;
17;9;53;300;47.313324;5.04431;
17;9;53;400;47.313324;5.04431;
17;9;53;500;47.313324;5.04432;
17;9;53;600;47.313324;5.04432;
17;9;53;700;47.313324;5.04432;
17;9;53;800;47.313324;5.04432;
17;9;53;900;47.313324;5.04432;
17;9;54;0;47.313328;5.04432;
17;9;54;100;47.313328;5.04433;
17;9;54;200;47.313328;5.04433;
17;9;54;300;47.313328;5.04433;
17;9;54;400;47.313332;5.04433;
17;9;54;500;47.313332;5.04433;
17;9;54;600;47.313332;5.04433;
17;9;54;700;47.313332;5.04433;
17;9;54;800;47.313335;5.04434;
17;9;54;900;47.313335;5.04434;
17;9;55;0;47.313335;5.04434;
17;9;55;100;47.313339;5.04434;
17;9;55;200;47.313339;5.04434;
17;9;55;300;47.313343;5.04435;
17;9;55;400;47.313343;5.04435;
17;9;55;500;47.313343;5.04435;
17;9;55;600;47.313343;5.04435;
17;9;55;700;47.313343;5.04435;
17;9;55;800;47.313343;5.04435;
17;9;55;900;47.313347;5.04436;
17;9;56;0;47.313347;5.04436;
17;9;56;100;47.313347;5.04436;
17;9;56;200;47.313347;5.04436;
17;9;56;300;47.313347;5.04436;
17;9;56;400;47.313347;5.04436;
17;9;56;500;47.313347;5.04436;
17;9;56;600;47.313347;5.04436;
17;9;56;700;47.313351;5.04437;
17;9;56;800;47.313351;5.04437;
17;9;56;900;47.313351;5.04437;
17;9;57;0;47.313351;5.04437;
17;9;57;100;47.313354;5.04437;
17;9;57;200;47.313354;5.04437;
17;9;57;300;47.313354;5.04437;
17;9;57;400;47.313358;5.04437;
17;9;57;500;47.313358;5.04438;
17;9;57;600;47.313358;5.04438;
17;9;57;700;47.313358;5.04438;
17;9;57;800;47.313358;5.04438;
17;9;57;900;47.313358;5.04438;
17;9;58;0;47.313358;5.04438;
17;9;58;100;47.313358;5.04438;
17;9;58;200;47.313358;5.04438;
17;9;58;300;47.313358;5.04438;
17;9;58;400;47.313362;5.04439;
17;9;58;500;47.313362;5.04439;
17;9;58;600;47.313362;5.04439;
17;9;58;700;47.313366;5.04439;
17;9;58;800;47.313366;5.04439;
17;9;58;900;47.313366;5.04439;
17;9;59;0;47.313366;5.04439;
17;9;59;100;47.31337;5.04439;
17;9;59;200;47.31337;5.04439;
17;9;59;300;47.31337;5.04439;
17;9;59;400;47.31337;5.04439;
17;9;59;500;47.31337;5.04439;
17;9;59;600;47.31337;5.04439;
17;9;59;700;47.31337;5.04439;
17;9;59;800;47.31337;5.04439;
17;9;59;900;47.313374;5.04439;
17;10;0;0;47.313374;5.04439;
17;10;0;100;47.313374;5.04439;
17;10;0;200;47.313374;5.04439;
17;10;0;300;47.313377;5.04439;
17;10;0;400;47.313377;5.04439;
17;10;0;500;47.313377;5.04439;
17;10;0;600;47.313377;5.04439;
17;10;0;700;47.313377;5.04439;
17;10;0;800;47.313381;5.04439;
17;10;0;900;47.313381;5.04438;
17;10;1;0;47.313381;5.04438;
17;10;1;100;47.313381;5.04438;
17;10;1;200;47.313381;5.04438;
17;10;1;300;47.313385;5.04438;
17;10;1;400;47.313385;5.04438;
17;10;1;500;47.313385;5.04438;
17;10;1;600;47.313385;5.04438;
17;10;1;700;47.313385;5.04438;
17;10;1;800;47.313389;5.04438;
17;10;1;900;47.313389;5.04438;
17;10;2;0;47.313389;5.04438;
17;10;2;100;47.313393;5.04438;
17;10;2;200;47.313393;5.04438;
17;10;2;300;47.313393;5.04438;
17;10;2;400;47.313393;5.04438;
17;10;2;500;47.313396;5.04438;
17;10;2;600;47.313396;5.04438;
17;10;2;700;47.313396;5.04437;
17;10;2;800;47.313396;5.04437;
17;10;2;900;47.313396;5.04437;
17;10;3;0;47.3134;5.04437;
17;10;3;100;47.3134;5.04437;
17;10;3;200;47.3134;5.04437;
17;10;3;300;47.313404;5.04437;
17;10;3;400;47.313404;5.04437;
17;10;3;500;47.313404;5.04437;
17;10;3;600;47.313408;5.04437;
17;10;3;700;47.313408;5.04437;
17;10;3;800;47.313408;5.04437;
17;10;3;900;47.313408;5.04437;
17;10;4;0;47.313408;5.04437;
17;10;4;100;47.313408;5.04437;
17;10;4;200;47.313408;5.04437;
17;10;4;300;47.313408;5.04436;
17;10;4;400;47.313408;5.04436;
17;10;4;500;47.313412;5.04436;
17;10;4;600;47.313412;5.04436;
17;10;4;700;47.313412;5.04436;
17;10;4;800;47.313412;5.04436;
17;10;4;900;47.313412;5.04436;
17;10;5;0;47.313412;5.04436;
17;10;5;100;47.313412;5.04436;
17;10;5;200;47.313416;5.04436;
17;10;5;300;47.313416;5.04436;
17;10;5;400;47.313416;5.04436;
17;10;5;500;47.313416;5.04436;
17;10;5;600;47.313416;5.04435;
17;10;5;700;47.313416;5.04435;
17;10;5;800;47.313416;5.04435;
17;10;5;900;47.313416;5.04435;
17;10;6;0;47.313416;5.04435;
17;10;6;100;47.313419;5.04435;
17;10;6;200;47.313419;5.04435;
17;10;6;300;47.313419;5.04434;
17;10;6;400;47.313419;5.04434;
17;10;6;500;47.313419;5.04434;
17;10;6;600;47.313419;5.04434;
17;10;6;700;47.313419;5.04434;
17;10;6;800;47.313423;5.04434;
17;10;6;900;47.313423;5.04433;
17;10;7;0;47.313423;5.04433;
17;10;7;100;47.313423;5.04433;
17;10;7;200;47.313423;5.04433;
17;10;7;300;47.313423;5.04433;
17;10;7;400;47.313423;5.04433;
17;10;7;500;47.313427;5.04433;
17;10;7;600;47.313427;5.04433;
17;10;7;700;47.313427;5.04433;
17;10;7;800;47.313427;5.04433;
17;10;7;900;47.313427;5.04432;
17;10;8;0;47.313427;5.04432;
17;10;8;100;47.313431;5.04432;
17;10;8;200;47.313431;5.04432;
17;10;8;300;47.313431;5.04432;
17;10;8;400;47.313431;5.04432;
17;10;8;500;47.313435;5.04432;
17;10;8;600;47.313435;5.04432;
17;10;8;700;47.313435;5.04432;
17;10;8;800;47.313435;5.04431;
17;10;8;900;47.313438;5.04431;
17;10;9;0;47.313438;5.04431;
17;10;9;100;47.313438;5.04431;
17;10;9;200;47.313438;5.04431;
17;10;9;300;47.313438;5.04431;
17;10;9;400;47.313438;5.04431;
17;10;9;500;47.313438;5.04431;
17;10;9;600;47.313438;5.04431;
17;10;9;700;47.313442;5.0443;
17;10;9;800;47.313442;5.0443;
17;10;9;900;47.313442;5.0443;
17;10;10;0;47.313442;5.0443;
17;10;10;100;47.313442;5.0443;
17;10;10;200;47.313446;5.0443;
17;10;10;300;47.313446;5.0443;
17;10;10;400;47.313446;5.0443;
17;10;10;500;47.313446;5.04429;
17;10;10;600;47.31345;5.04429;
17;10;10;700;47.31345;5.04429;
17;10;10;800;47.31345;5.04429;
17;10;10;900;47.31345;5.04428;
17;10;11;0;47.31345;5.04428;
17;10;11;100;47.31345;5.04428;
17;10;11;200;47.31345;5.04428;
17;10;11;300;47.31345;5.04427;
17;10;11;400;47.313454;5.04427;
